object Form2: TForm2
  Left = 381
  Top = 242
  Width = 1088
  Height = 563
  Caption = 'Form2'
  Color = clMoneyGreen
  Font.Charset = DEFAULT_CHARSET
  Font.Color = clWindowText
  Font.Height = -11
  Font.Name = 'Tahoma'
  Font.Style = []
  OldCreateOrder = False
  PixelsPerInch = 96
  TextHeight = 13
  object MonthCalendar1: TMonthCalendar
    Left = 152
    Top = 128
    Width = 191
    Height = 154
    Date = 44648.454240104170000000
    TabOrder = 0
  end
  object DateTimePicker1: TDateTimePicker
    Left = 160
    Top = 88
    Width = 186
    Height = 21
    Date = 44628.402051412030000000
    Time = 44628.402051412030000000
    TabOrder = 1
  end
  object BitBtn1: TBitBtn
    Left = 200
    Top = 360
    Width = 105
    Height = 33
    Caption = 'Exit'
    TabOrder = 2
    OnClick = BitBtn1Click
  end
  object Button1: TButton
    Left = 184
    Top = 304
    Width = 129
    Height = 41
    Caption = #1087#1077#1088#1077#1093#1086#1076' '#1085#1072' 1 '#1092#1086#1088#1084#1091
    TabOrder = 3
    OnClick = Button1Click
  end
  object DateTimePicker2: TDateTimePicker
    Left = 160
    Top = 48
    Width = 186
    Height = 21
    Date = 44630.455637222220000000
    Time = 44630.455637222220000000
    TabOrder = 4
  end
end
